<svg width="24" height="30" viewBox="0 0 24 30" fill="none" xmlns="http://www.w3.org/2000/svg">
<g clip-path="url(#clip0_712_526)">
<path d="M19.814 18.8118C19.972 18.2628 20.026 17.6308 19.905 17.0988C19.785 16.5718 20.027 16.0108 20.506 15.7018C20.954 15.4118 21.319 15.0178 21.589 14.5298C21.844 14.0698 21.977 13.5398 21.975 13.0018C21.977 12.4598 21.844 11.9298 21.589 11.4698C21.318 10.9818 20.954 10.5878 20.505 10.2978C20.026 9.98878 19.785 9.42778 19.904 8.90178C20.026 8.36978 20.008 7.82078 19.85 7.27178C19.554 6.24178 18.731 5.41979 17.703 5.12579C17.156 4.96979 16.608 4.95079 16.075 5.07079C15.552 5.19179 14.988 4.94979 14.679 4.47079C14.389 4.02279 13.995 3.65879 13.508 3.38779C12.571 2.86879 11.408 2.86879 10.471 3.38779C9.983 3.65879 9.589 4.02379 9.3 4.47179C8.991 4.95079 8.428 5.19279 7.904 5.07179C7.371 4.95179 6.823 4.96979 6.276 5.12679C5.247 5.42179 4.424 6.24379 4.129 7.27379C3.972 7.82178 3.953 8.36978 4.074 8.90278C4.194 9.42878 3.953 9.98978 3.474 10.2988C3.025 10.5888 2.66 10.9838 2.391 11.4698C2.136 11.9298 2.003 12.4598 2.005 12.9988C2.003 13.5418 2.136 14.0718 2.391 14.5308C2.661 15.0178 3.025 15.4128 3.475 15.7028C3.954 16.0118 4.195 16.5728 4.075 17.0988C3.954 17.6318 4.012 18.2698 4.169 18.8188L-0.0149994 22.9998H3.987V27.0148L9.378 21.6238C9.66 22.0248 10.02 22.3628 10.47 22.6128C10.938 22.8718 11.463 23.0018 11.988 23.0018C12.513 23.0018 13.038 22.8718 13.507 22.6118C13.959 22.3608 14.321 22.0218 14.603 21.6178L20 27.0148V22.9998H24.002L19.814 18.8118ZM4.988 24.6008V21.9998H2.4L4.662 19.7368C5.067 20.2698 5.62 20.6858 6.275 20.8738C6.823 21.0308 7.372 21.0498 7.903 20.9288C8.139 20.8758 8.379 20.9038 8.604 20.9848L4.988 24.6008ZM13.839 20.9868C13.639 21.2958 13.365 21.5488 13.023 21.7378C12.395 22.0868 11.583 22.0868 10.956 21.7378C10.613 21.5488 10.339 21.2958 10.14 20.9868C9.698 20.3008 8.948 19.8988 8.173 19.8988C8.009 19.8988 7.845 19.9168 7.682 19.9538C7.316 20.0368 6.935 20.0238 6.551 19.9128C5.861 19.7158 5.288 19.1418 5.09 18.4528C4.98 18.0678 4.966 17.6868 5.049 17.3208C5.261 16.3858 4.846 15.3988 4.016 14.8628C3.706 14.6628 3.454 14.3878 3.265 14.0458C3.093 13.7358 3.003 13.3748 3.004 12.9988C3.003 12.6258 3.092 12.2658 3.265 11.9548C3.454 11.6128 3.707 11.3388 4.016 11.1388C4.847 10.6028 5.262 9.61579 5.049 8.68079C4.966 8.31479 4.98 7.93378 5.09 7.54878C5.288 6.85878 5.861 6.28579 6.551 6.08779C6.936 5.97879 7.317 5.96379 7.682 6.04679C8.616 6.25979 9.605 5.84479 10.14 5.01379C10.339 4.70479 10.613 4.45179 10.955 4.26279C11.583 3.91379 12.394 3.91479 13.022 4.26279C13.364 4.45279 13.639 4.70579 13.838 5.01379C14.373 5.84479 15.36 6.25679 16.296 6.04679C16.662 5.96379 17.043 5.97779 17.427 6.08779C18.117 6.28479 18.691 6.85878 18.889 7.54778C18.999 7.93279 19.013 8.31378 18.929 8.67978C18.717 9.61478 19.133 10.6018 19.962 11.1378C20.271 11.3378 20.524 11.6118 20.713 11.9548C20.885 12.2658 20.975 12.6268 20.974 13.0018C20.975 13.3738 20.886 13.7348 20.713 14.0448C20.524 14.3878 20.271 14.6618 19.962 14.8618C19.132 15.3968 18.716 16.3848 18.929 17.3198C19.012 17.6858 18.999 18.0668 18.888 18.4508C18.69 19.1408 18.116 19.7148 17.426 19.9118C17.042 20.0218 16.661 20.0358 16.295 19.9528C15.359 19.7428 14.372 20.1558 13.837 20.9858L13.839 20.9868ZM19.001 22.0008V24.6018L15.383 20.9838C15.606 20.9058 15.844 20.8768 16.076 20.9308C16.608 21.0508 17.156 21.0338 17.704 20.8758C18.361 20.6878 18.916 20.2688 19.321 19.7328L21.589 22.0008H19.001ZM16.693 10.8548L12.051 15.4968C11.726 15.8228 11.293 16.0018 10.832 16.0018C10.371 16.0018 9.939 15.8228 9.613 15.4968L6.807 12.6908L7.514 11.9838L10.32 14.7898C10.593 15.0628 11.07 15.0628 11.343 14.7898L15.985 10.1478L16.692 10.8548H16.693Z" fill="#272727"/>
</g>
<defs>
<clipPath id="clip0_712_526">
<rect width="24" height="24" fill="white" transform="translate(0 3)"/>
</clipPath>
</defs>
</svg>
